2749.32	1.03	0.5060	0.000003        0.003542628	0.0297	0.0005474
2785.2	1.03	0.5060	0.000003	0.003520122	0.0299	0.0005428
2810.45	1.03	0.5060	0.000003	0.003504721	0.0301	0.0005396
2836.12	1.03	0.5060	0.000003	0.003489419	0.0303	0.0005363
2859.43	1.03	0.5060	0.000003	0.003475821	0.0305	0.0005333
2884.31	1.03	0.5060	0.000003	0.00346161	0.0306	0.0005302
2911.2	1.03	0.5060	0.000003	0.003446591	0.0308	0.0005268
2927.21	1.03	0.5060	0.000003	0.003437808	0.031	0.0005248
2951.87	1.03	0.5060	0.000003	0.003424512	0.0311	0.0005217
2974.47	1.03	0.5060	0.000003	0.003412562	0.0313	0.0005189
3000	1.03	0.5060	0.000003	0.003399324	0.0315	0.0005157